2400000000.000000
78
-0.020000 -0.030000 0.000000
0.020000 -0.030000 0.000000
0.020000 0.030000 0.000000
-0.020000 0.030000 0.000000
-0.006592 0.030000 0.000000
-0.013296 0.030000 0.000000
0.000070 0.030000 0.000000
0.006732 0.030000 0.000000
0.013366 0.030000 0.000000
0.020000 0.003102 0.000000
0.020000 0.016564 0.000000
0.020000 0.023282 0.000000
0.020000 0.009846 0.000000
0.020000 -0.010155 0.000000
0.020000 -0.003526 0.000000
0.020000 -0.016729 0.000000
0.020000 -0.023304 0.000000
0.006562 -0.030000 0.000000
0.013281 -0.030000 0.000000
-0.000182 -0.030000 0.000000
-0.006797 -0.030000 0.000000
-0.013398 -0.030000 0.000000
-0.020000 -0.003077 0.000000
-0.020000 -0.016582 0.000000
-0.020000 -0.023291 0.000000
-0.020000 -0.009829 0.000000
-0.020000 0.010185 0.000000
-0.020000 0.003554 0.000000
-0.020000 0.016787 0.000000
-0.020000 0.023390 0.000000
-0.013632 0.021200 0.000000
0.009739 0.024519 0.000000
0.015433 0.025401 0.000000
0.013848 -0.025404 0.000000
-0.008543 0.024577 0.000000
0.003101 0.024482 0.000000
0.014029 0.019168 0.000000
0.009465 -0.002177 0.000000
0.004119 0.010642 0.000000
0.009377 -0.008362 0.000000
-0.003171 0.024541 0.000000
0.015682 0.013378 0.000000
-0.004846 -0.002144 0.000000
0.014529 0.000731 0.000000
0.004448 0.001226 0.000000
0.005706 0.017968 0.000000
0.002780 0.005454 0.000000
0.008594 0.005240 0.000000
-0.000399 0.019868 0.000000
0.014705 -0.012383 0.000000
0.014764 -0.005964 0.000000
-0.014001 -0.009504 0.000000
0.009405 -0.014380 0.000000
0.010355 0.013151 0.000000
-0.001058 0.002067 0.000000
-0.000940 0.014300 0.000000
0.002571 -0.004538 0.000000
-0.008173 -0.006230 0.000000
-0.011332 -0.018064 0.000000
0.005054 -0.010791 0.000000
0.008626 -0.020408 0.000000
0.014621 -0.018715 0.000000
0.014463 0.007656 0.000000
-0.006648 0.018361 0.000000
-0.000084 -0.011031 0.000000
-0.004959 -0.023266 0.000000
-0.003353 -0.007091 0.000000
0.002214 -0.020914 0.000000
-0.006875 0.004089 0.000000
-0.006854 0.011015 0.000000
0.003771 -0.015700 0.000000
-0.006588 -0.011432 0.000000
-0.002830 -0.016734 0.000000
-0.013399 0.014093 0.000000
-0.012519 -0.000969 0.000000
-0.013262 0.007010 0.000000
-0.001471 0.007928 0.000000
-0.011297 -0.024924 0.000000
124
5 29 3 1 1 1
31 7 8 1 1 1
32 8 2 1 1 1
32 2 11 1 1 -1
8 32 31 1 -1 -1
24 21 0 1 1 1
33 16 1 1 1 1
33 1 18 1 1 -1
34 5 4 1 1 1
35 7 31 -1 1 1
35 6 7 1 -1 1
36 11 10 1 1 1
11 36 32 1 -1 -1
36 31 32 -1 -1 1
58 24 23 1 1 1
18 17 33 1 -1 1
40 6 35 -1 1 1
4 40 34 1 -1 1
40 4 6 1 -1 -1
10 41 36 1 -1 1
41 10 12 1 1 -1
43 9 14 1 1 1
31 45 35 1 -1 1
45 31 36 -1 1 -1
54 46 44 1 1 1
38 47 46 1 1 1
47 44 46 -1 -1 1
47 37 44 1 -1 1
48 35 45 -1 1 1
35 48 40 1 -1 -1
37 56 44 1 -1 1
56 37 39 1 1 -1
49 13 15 1 1 1
14 50 43 1 -1 1
39 50 49 1 1 1
50 37 43 1 -1 1
37 50 39 -1 -1 -1
50 13 49 -1 -1 1
50 14 13 1 -1 -1
53 38 45 1 1 1
38 53 47 1 -1 -1
36 53 45 -1 -1 1
53 36 41 -1 1 -1
74 22 27 1 1 1
63 30 34 1 1 1
63 40 48 -1 1 1
63 34 40 -1 -1 -1
38 55 45 1 -1 1
45 55 48 1 -1 -1
56 54 44 -1 -1 1
60 33 17 -1 1 1
15 61 49 1 -1 1
61 33 60 -1 1 1
52 61 60 -1 1 1
61 16 33 -1 -1 1
61 15 16 1 -1 -1
62 47 53 -1 1 1
12 62 41 1 -1 1
41 62 53 -1 -1 -1
62 9 43 -1 1 1
62 12 9 1 -1 -1
63 48 55 -1 1 -1
66 56 64 1 1 1
42 66 57 1 1 1
67 19 65 1 1 1
17 67 60 1 -1 1
67 17 19 1 -1 -1
42 68 54 1 1 1
55 69 63 1 -1 1
70 60 67 -1 1 1
70 52 60 -1 -1 1
52 70 59 1 1 -1
59 70 64 1 1 -1
51 71 58 1 1 1
71 57 66 -1 1 1
57 71 51 -1 1 -1
64 71 66 -1 -1 1
72 65 58 1 1 1
65 72 67 1 -1 -1
67 72 70 1 -1 -1
72 58 71 -1 1 -1
73 63 69 -1 1 1
28 73 26 1 1 1
5 34 30 -1 1 -1
23 51 58 -1 -1 1
51 23 25 1 1 -1
25 22 51 1 -1 1
68 42 74 1 1 -1
52 49 61 -1 -1 1
43 47 62 -1 -1 1
47 43 37 -1 -1 -1
73 30 63 -1 -1 1
30 73 28 -1 1 -1
59 56 39 -1 1 1
64 72 71 -1 -1 1
72 64 70 -1 -1 -1
39 52 59 -1 -1 1
52 39 49 -1 -1 -1
56 59 64 -1 -1 -1
29 30 28 -1 1 1
30 29 5 -1 -1 -1
20 65 19 -1 1 1
68 75 69 1 1 1
75 68 74 -1 1 -1
75 74 27 -1 1 -1
26 75 27 -1 1 1
75 26 73 -1 1 -1
75 73 69 -1 -1 -1
74 51 22 -1 -1 1
51 74 57 1 -1 -1
57 74 42 -1 -1 -1
54 76 46 1 -1 1
76 38 46 -1 -1 1
38 76 55 1 -1 -1
55 76 69 1 -1 -1
20 77 65 1 -1 1
77 20 21 1 1 -1
65 77 58 1 -1 -1
24 77 21 -1 -1 1
77 24 58 -1 -1 -1
42 56 66 -1 -1 1
56 42 54 -1 -1 -1
76 68 69 -1 -1 1
68 76 54 -1 -1 -1
171
5 29
8 31
7 31
2 32
8 32
11 32
31 32
21 24
1 33
16 33
18 33
4 34
5 34
31 35
7 35
6 35
10 36
11 36
32 36
31 36
23 58
24 58
17 33
35 40
6 40
34 40
4 40
36 41
10 41
12 41
14 43
9 43
35 45
31 45
36 45
44 46
44 54
46 54
46 47
38 46
38 47
44 47
37 44
37 47
45 48
35 48
40 48
44 56
37 56
37 39
39 56
15 49
13 49
43 50
14 50
49 50
39 49
39 50
37 43
37 50
13 50
38 45
45 53
38 53
47 53
36 53
41 53
27 74
22 74
30 34
34 63
30 63
48 63
40 63
45 55
38 55
48 55
54 56
17 60
33 60
49 61
15 61
60 61
33 61
52 60
52 61
16 61
53 62
47 62
41 62
12 62
43 62
9 62
55 63
56 64
64 66
56 66
57 66
42 57
42 66
19 65
65 67
19 67
60 67
17 67
54 68
42 54
42 68
63 69
55 69
67 70
60 70
52 70
59 70
52 59
64 70
59 64
58 71
51 58
51 71
66 71
57 71
51 57
64 71
58 65
58 72
65 72
67 72
70 72
71 72
69 73
63 73
26 73
28 73
5 30
23 51
25 51
22 51
42 74
68 74
49 52
43 47
30 73
28 30
39 59
56 59
64 72
39 52
29 30
20 65
69 75
68 69
68 75
74 75
27 75
26 75
73 75
51 74
57 74
46 76
54 76
38 76
55 76
69 76
65 77
20 77
21 77
58 77
24 77
42 56
68 76
